 0 72 42 80 68 86 34 52  1 42 82 88 65 11 91 29 97 42 19 21 
72  0  6 58 70 43 69 77 13 81 53 59 73 71 83 65 49 36 43  6 
42  6  0 34  1 75 30 75 80 55 39 57 77 75 18 37 53 61 67 19 
80 58 34  0 26 54 91 64 65 99 84  5 36 38 37 41 92 86  2 32 
68 70  1 26  0 33 65 73 61 74 36 21 51 62 24 24 78 51 53 70 
86 43 75 54 33  0 21  6 100 82 93  2 58 19 70 86 18 60 40 84 
34 69 30 91 65 21  0 54 42 49 76 59 23 37 41 75 42 22 27 97 
52 77 75 64 73  6 54  0 48 93 45 15 20  8 12 60 67 10 15 68 
 1 13 80 65 61 100 42 48  0 34 73 91 70 43 45 16 32 74 33 86 
42 81 55 99 74 82 49 93 34  0 47 60 51 23 35 47 27 73 73 68 
82 53 39 84 36 93 76 45 73 47  0 44 25 25 37 46 61 85 58 61 
88 59 57  5 21  2 59 15 91 60 44  0 58 15 22 68 41 36 43 28 
65 73 77 36 51 58 23 20 70 51 25 58  0 83 43 64 16 69 94 50 
11 71 75 38 62 19 37  8 43 23 25 15 83  0  4  5 47 61 87 48 
91 83 18 37 24 70 41 12 45 35 37 22 43  4  0 45 65  2 67 25 
29 65 37 41 24 86 75 60 16 47 46 68 64  5 45  0 30 49 57 54 
97 49 53 92 78 18 42 67 32 27 61 41 16 47 65 30  0 27 27 32 
42 36 61 86 51 60 22 10 74 73 85 36 69 61  2 49 27  0 36 35 
19 43 67  2 53 40 27 15 33 73 58 43 94 87 67 57 27 36  0 81 
21  6 19 32 70 84 97 68 86 68 61 28 50 48 25 54 32 35 81  0 
