0  0  0  0  0  
16  16  16  16  16  
5  5  5  5  5  
1  1  1  1  1  
7  7  7  7  7  
10  10  10  10  10  
2  2  2  2  2  
16  16  16  16  16  
4  4  4  4  4  
3  3  3  3  3  
16  16  16  16  16  
17  17  17  17  17  
4  4  4  4  4  
12  12  12  12  12  
11  11  11  11  11  
5  5  5  5  5  
1  1  1  1  1  
3  3  3  3  3  
6  6  6  6  6  
3  3  3  3  3  
11  11  11  11  11  
7  7  7  7  7  
6  6  6  6  6  
13  13  13  13  13  
8  8  8  8  8  
9  9  9  9  9  
12  12  12  12  12  
9  9  9  9  9  
17  17  17  17  17  
6  6  6  6  6  
10  10  10  10  10  
14  14  14  14  14  
15  15  15  15  15  
11  11  11  11  11  
3  3  3  3  3  
10  10  10  10  10  
12  12  12  12  12  
2  2  2  2  2  
4  4  4  4  4  
13  13  13  13  13  
6  6  6  6  6  
0  0  0  0  0  
14  14  14  14  14  
6  6  6  6  6  
13  13  13  13  13  
15  15  15  15  15  
5  5  5  5  5  
7  7  7  7  7  
16  16  16  16  16  
10  10  10  10  10  
7  7  7  7  7  
17  17  17  17  17  
3  3  3  3  3  
13  13  13  13  13  