0  0  0  0  0  
28  28  28  28  28  
8  8  8  8  8  
1  1  1  1  1  
12  12  12  12  12  
18  18  18  18  18  
2  2  2  2  2  
29  29  29  29  29  
7  7  7  7  7  
3  3  3  3  3  
28  28  28  28  28  
29  29  29  29  29  
4  4  4  4  4  
21  21  21  21  21  
19  19  19  19  19  
5  5  5  5  5  
1  1  1  1  1  
7  7  7  7  7  
6  6  6  6  6  
5  5  5  5  5  
21  21  21  21  21  
7  7  7  7  7  
12  12  12  12  12  
24  24  24  24  24  
8  8  8  8  8  
16  16  16  16  16  
22  22  22  22  22  
9  9  9  9  9  
31  31  31  31  31  
12  12  12  12  12  
10  10  10  10  10  
25  25  25  25  25  
29  29  29  29  29  
11  11  11  11  11  
6  6  6  6  6  
20  20  20  20  20  
12  12  12  12  12  
3  3  3  3  3  
8  8  8  8  8  
13  13  13  13  13  
11  11  11  11  11  
0  0  0  0  0  
14  14  14  14  14  
11  11  11  11  11  
27  27  27  27  27  
15  15  15  15  15  
10  10  10  10  10  
14  14  14  14  14  
16  16  16  16  16  
19  19  19  19  19  
14  14  14  14  14  
17  17  17  17  17  
5  5  5  5  5  
25  25  25  25  25  
18  18  18  18  18  
21  21  21  21  21  
24  24  24  24  24  
19  19  19  19  19  
3  3  3  3  3  
22  22  22  22  22  
20  20  20  20  20  
12  12  12  12  12  
25  25  25  25  25  
21  21  21  21  21  
20  20  20  20  20  
24  24  24  24  24  
22  22  22  22  22  
17  17  17  17  17  
15  15  15  15  15  
23  23  23  23  23  
25  25  25  25  25  
0  0  0  0  0  
24  24  24  24  24  
14  14  14  14  14  
21  21  21  21  21  
25  25  25  25  25  
21  21  21  21  21  
14  14  14  14  14  
26  26  26  26  26  
27  27  27  27  27  
13  13  13  13  13  
27  27  27  27  27  
7  7  7  7  7  
2  2  2  2  2  
28  28  28  28  28  
3  3  3  3  3  
9  9  9  9  9  
29  29  29  29  29  
16  16  16  16  16  
19  19  19  19  19  
30  30  30  30  30  
12  12  12  12  12  
27  27  27  27  27  
31  31  31  31  31  
9  9  9  9  9  
13  13  13  13  13  