0.3368779  0.6133274  0.3615831  0.9518247  0.5546289  
0.251258  0.3895845  0.693499  0.9105636  0.8574282  
0.7624542  0.5134504  0.2046776  0.07819087  0.2395817  
0.3982826  0.01717348  0.1152888  0.6448969  0.3861853  
0.02211653  0.281774  0.7446297  0.1573597  0.4724366  
0.3425083  0.7830296  0.3321606  0.7251357  0.7764896  
0.3685146  0.6496875  0.05976622  0.01979732  0.4261812  
0.772473  0.3891945  0.6175226  0.6764031  0.3535286  
0.2369361  0.8187137  0.04556417  0.1178576  0.004077837  
0.3474927  0.1505272  0.3989861  0.4074773  0.5859746  
0.8639426  0.3883966  0.816653  0.4799873  0.3839016  
0.6974909  0.4956882  0.8402463  0.756574  0.627008  
0.4921568  0.8092186  0.5681889  0.8267745  0.9413415  
0.9775379  0.1382606  0.9092082  0.5725618  0.7860499  
0.9840717  0.8166903  0.8449032  0.6275703  0.6364744  
0.829172  0.2174908  0.02743801  0.1008829  0.3162675  
0.193835  0.4330641  0.2329203  0.1965067  0.5377322  
0.110324  0.917  0.3438708  0.4764644  0.8387666  
0.3832067  0.8071954  0.2477169  0.1697989  0.6024552  
0.33568  0.4729635  0.4528307  0.5248558  0.954457  
0.005141851  0.05799065  0.02861237  0.2765759  0.2221988  
0.7371839  0.8592503  0.7226178  0.6295275  0.4117779  
0.1460079  0.7893727  0.7123997  0.7578689  0.1992988  
0.2042211  0.5973949  0.5052639  0.5214923  0.4032266  
0.08914013  0.5898298  0.4092411  0.6256856  0.1989745  
0.8045779  0.1354627  0.9131036  0.2892015  0.4846462  
0.7795513  0.9287893  0.641497  0.9858939  0.9740647  
0.9213755  0.3547002  0.6145019  0.9450412  0.8152585  
0.4603436  0.5782829  0.4687405  0.5244278  0.1214577  
0.7864753  0.6397793  0.1719539  0.4505452  0.4808998  
0.5094688  0.9110463  0.5309806  0.8591101  0.6274761  
0.1892634  0.7199983  0.8029698  0.7548831  0.1857998  
0.7553267  0.7529692  0.4635626  0.9305031  0.384413  
0.6569887  0.5430377  0.7601179  0.04754671  0.388214  
0.6533533  0.8380467  0.9305075  0.8758994  0.6190328  
0.1440289  0.3213949  0.6350526  0.6968494  0.328793  
0.881806  0.5778463  0.1914405  0.3275082  0.2078954  
0.562029  0.04281513  0.3420759  0.8939119  0.6999205  
0.8400427  0.8194037  0.08140891  0.4976549  0.2862963  
0.6707918  0.9135296  0.2332925  0.2321629  0.1303217  
0.1423877  0.5255417  0.9010853  0.8890298  0.6783061  
0.6156557  0.2036555  0.777879  0.7743435  0.2667582  
0.7975147  0.5013781  0.09971573  0.1089444  0.3694714  
0.6489925  0.1057928  0.3310325  0.1716355  0.1390542  
0.8358048  0.7927047  0.3040846  0.5198912  0.03869556  
0.8636707  0.1770528  0.9270637  0.1269704  0.4494924  
0.5582679  0.8094721  0.8523314  0.9252663  0.2275835  
0.7603454  0.761938  0.6249538  0.9407507  0.8545967  
0.5580796  0.7342188  0.5118804  0.8383508  0.734343  
0.3902636  0.5456321  0.1006282  0.2779845  0.03843834  
0.0722962  0.1374513  0.3501219  0.5466304  0.6840166  
0.3813412  0.7438737  0.7971498  0.753907  0.1138022  
0.2331316  0.5272369  0.675802  0.4169471  0.9555432  
0.6125138  0.6578245  0.197676  0.6852685  0.8275645  
0.3535044  0.3821976  0.2240008  0.03128262  0.6086109  
0.4423347  0.4799523  0.5441783  0.5218814  0.8065086  
0.1170614  0.6652064  0.02773987  0.6906176  0.05206027  
0.5655871  0.3504717  0.03659852  0.3513205  0.6674223  
0.4994486  0.4026984  0.2382957  0.03828521  0.1138164  
0.4726086  0.470686  0.6195742  0.7245967  0.9704443  
0.5800881  0.7211682  0.2818647  0.213522  0.7115002  
0.4146289  0.9482646  0.5901641  0.5894144  0.7888591  
0.866119  0.3624845  0.79283  0.01844995  0.09809135  
0.7475098  0.460399  0.1235148  0.6839721  0.4008162  
0.9073459  0.2954776  0.8606356  0.06630338  0.6874324  
0.1158186  0.8258765  0.187656  0.3000784  0.003045864  
0.1894189  0.4804904  0.1907975  0.9588638  0.2651117  
0.5203967  0.4038001  0.1224877  0.4920379  0.05002681  
0.4506566  0.488971  0.3021074  0.0775724  0.3907091  
0.8179072  0.3699989  0.6956211  0.9082007  0.4746834  
0.2154937  0.4205173  0.5971518  0.938929  0.8560456  
0.7105556  0.8687559  0.7668359  0.09265171  0.1111295  
0.8740527  0.9489587  0.2203301  0.8442533  0.6567096  
0.192395  0.47582  0.09027966  0.9419869  0.1467744  
0.9519307  0.4057584  0.9510872  0.3690623  0.8716388  
0.3129623  0.07753868  0.05904764  0.2488177  0.2192168  
0.7277044  0.7992106  0.4171292  0.4235884  0.6823946  
0.00822443  0.3372229  0.3135903  0.1858045  0.1874616  
0.2549553  0.3042366  0.5406264  0.9322852  0.7956379  
0.2747748  0.5007874  0.9905245  0.7032415  0.7461071  
0.5082888  0.4617377  0.7795803  0.1843213  0.5503754  
0.7291117  0.6015596  0.1521381  0.8378524  0.181641  
0.4420541  0.5764051  0.9990838  0.9546474  0.5933878  
0.3208671  0.2350456  0.2841714  0.06228072  0.5402642  
0.6659855  0.5020764  0.9703946  0.8655066  0.4865769  
0.2731604  0.1633543  0.722087  0.4917199  0.4995285  
0.6023154  0.7410905  0.02285204  0.756293  0.1353139  
0.3836185  0.07448847  0.6543216  0.5116739  0.8144887  
0.5551948  0.3056484  0.1524385  0.6928803  0.8946003  
0.06768867  0.7840555  0.3075985  0.6827717  0.5538838  
0.3872914  0.8122957  0.8039761  0.4656657  0.9691495  
0.3608076  0.7510211  0.7448632  0.8527183  0.6575504  
0.6527661  0.7507044  0.7355231  0.8464558  0.7435378  
0.01465319  0.2905554  0.1723988  0.1059038  0.5543668  
0.02513248  0.04822878  0.5189624  0.2202203  0.4228639  
0.486833  0.3734253  0.9102698  0.07679646  0.3611135  
0.8998574  0.6191311  0.7784996  0.4091585  0.9467769  
0.6929233  0.5759298  0.3078018  0.4034244  0.5248066  
0.3230603  0.01634473  0.2560734  0.1415581  0.398764  
0.9137668  0.08777302  0.1948859  0.9393119  0.7711589  
0.1916608  0.4286692  0.2072716  0.2852887  0.5067672  
0.7995963  0.7277741  0.451433  0.8432636  0.7320652  
0.9454731  0.0556953  0.01949564  0.2061188  0.7837521  
0.8178755  0.6731374  0.5865274  0.7551543  0.7359528  
0.9470264  0.748532  0.9401928  0.4703678  0.4854474  
0.4063383  0.6367766  0.9240258  0.7514878  0.7500592  
0.4193423  0.703546  0.7515719  0.9817791  0.3202566  
0.1144782  0.9873529  0.45888  0.9380688  0.6141157  
0.02652027  0.4473116  0.5729739  0.07831428  0.8539446  
0.8390099  0.3461679  0.9423193  0.05126233  0.2284042  
0.7352726  0.8346637  0.2761349  0.4848121  0.5047157  
0.8988846  0.9770115  0.4440624  0.571693  0.4925452  
0.6695032  0.6021524  0.9048067  0.7381786  0.6677338  
0.305451  0.9318617  0.8770769  0.4272034  0.6437204  
0.8301786  0.5179679  0.72786  0.6562698  0.9168534  
0.8027286  0.614609  0.5374432  0.7510069  0.2889583  
0.9067188  0.02273547  0.6472672  0.3174289  0.2568854  
0.496877  0.7722879  0.994524  0.8256403  0.2601294  
0.1111762  0.1084154  0.324197  0.3078271  0.1487922  
0.9675284  0.3144388  0.6826951  0.7727943  0.9174291  
0.246736  0.2225709  0.5376791  0.958453  0.4654202  
0.4647794  0.003760782  0.1361722  0.01067163  0.1539629  
0.7895148  0.5030401  0.2207185  0.01735356  0.2645225  
0.2574346  0.1332009  0.69747  0.8440578  0.8409507  
0.8758646  0.8647806  0.2398215  0.6435084  0.7598159  
0.03992768  0.9609094  0.1624266  0.1076313  0.6731711  
0.21031  0.5664546  0.3796715  0.8045978  0.5493977  
0.8652633  0.3606953  0.7350696  0.6805413  0.2390748  
0.8831538  0.1803058  0.4061865  0.5883415  0.1101328  
0.9617402  0.4054859  0.814119  0.5561374  0.1388867  
0.1070086  0.04267001  0.06854993  0.08760604  0.01221141  
0.1072986  0.1066282  0.007061225  0.3784217  0.5628256  
0.4129276  0.2960782  0.4035552  0.4650191  0.101246  
0.05804989  0.1037838  0.8136715  0.5247315  0.3885701  
0.5902099  0.6931552  0.5505383  0.616147  0.6878115  
0.2940371  0.2159912  0.4586473  0.5730149  0.0753983  
0.6692116  0.3933722  0.6323847  0.2686231  0.8785695  
0.7628101  0.5033057  0.9578158  0.3015334  0.8696842  
0.1539867  0.2319162  0.01181304  0.6139478  0.02382089  
0.9294691  0.4623085  0.2045233  0.9244982  0.7959287  
0.205341  0.7696006  0.8933862  0.5400758  0.3561477  
0.8858948  0.6883587  0.5533083  0.464233  0.5489027  
0.4701817  0.761932  0.8150813  0.9200249  0.4720737  
0.1420596  0.5026983  0.3392656  0.5273166  0.3428755  
0.26495  0.9871318  0.823063  0.7092757  0.9377594  
0.3760697  0.8960432  0.1852811  0.3688223  0.8190241  
0.6363961  0.3557874  0.7139839  0.6750133  0.77101  
0.265972  0.8951979  0.8878396  0.8344571  0.918582  
0.9351067  0.1133812  0.4095511  0.6825901  0.3672711  
0.132916  0.9744046  0.0946524  0.8788475  0.7296684  
0.1238128  0.7142801  0.9762482  0.2983537  0.8243394  
0.07574358  0.1824709  0.213468  0.5159725  0.5484968  
0.9597487  0.1900193  0.0951957  0.4373484  0.1548014  
0.7619519  0.1561286  0.2903622  0.3207425  0.9440756  
0.8922504  0.2386247  0.4245335  0.4848175  0.2195693  
0.7459577  0.3664958  0.6181501  0.5381659  0.9353628  
0.6004208  0.3284724  0.5543488  0.4864625  0.7571156  
0.07069975  0.2454384  0.2470111  0.3132625  0.4961801  
0.006178325  0.604176  0.4395803  0.9215559  0.8472681  
0.2950464  0.9148124  0.867873  0.03779414  0.2539733  
0.003518533  0.1203134  0.197186  0.6274358  0.04093355  
0.7647691  0.9596104  0.9606357  0.3353358  0.047601  
0.1378014  0.1508995  0.7645273  0.2738441  0.1819078  
0.1714971  0.06592592  0.06145789  0.2084298  0.269078  
0.6494749  0.5380969  0.9816486  0.6040155  0.652511  
0.3248436  0.8254482  0.7849539  0.3150698  0.1995931  
0.3256771  0.7744968  0.6948014  0.6440918  0.5002623  
0.2368354  0.6729221  0.947616  0.409653  0.6413381  
0.9771871  0.3816762  0.9281683  0.663101  0.340017  
0.1554032  0.9643649  0.5708462  0.9878026  0.3071145  
0.1746537  0.1002016  0.4036057  0.2434057  0.2449269  
0.6288914  0.1020166  0.5909333  0.1385812  0.4994549  
0.3247794  0.2142826  0.04270756  0.3788624  0.8223576  
0.2172922  0.00922281  0.02317046  0.6514012  0.5088538  
0.4640975  0.9337709  0.864941  0.2525086  0.2286334  
0.3843661  0.2798124  0.07227653  0.1539538  0.8110847  
0.2050651  0.6157867  0.4517253  0.7944256  0.5049415  
0.5876887  0.8012051  0.494252  0.623765  0.5598874  
0.469977  0.01384901  0.2793009  0.3907965  0.630441  
0.2503185  0.5825832  0.5262606  0.708609  0.3966067  
0.6348032  0.7015132  0.3626621  0.950126  0.8560057  
0.3908313  0.8867435  0.155557  0.5178935  0.7758687  
0.222229  0.2501786  0.3531385  0.1833614  0.03495594  
0.6717513  0.2351257  0.04870173  0.136739  0.3009367  
0.6717239  0.8850938  0.7116185  0.9685554  0.6380666  
0.8622688  0.6856504  0.7215613  0.5176851  0.006315935  
0.7822853  0.6786592  0.09199143  0.05138193  0.1970642  
0.8687832  0.5924323  0.7198385  0.9424964  0.9205797  
0.07062747  0.268046  0.3687432  0.2585106  0.1160421  
0.2457426  0.2422164  0.1621376  0.9902365  0.9534327  
0.5005624  0.7758781  0.4769141  0.0811878  0.4407394  
0.4985085  0.9637131  0.3651913  0.599821  0.1330078  
0.003099281  0.08920488  0.8595397  0.06820883  0.388951  
0.7311094  0.4959935  0.9546166  0.9590822  0.6676155  
0.6377438  0.6098823  0.3833719  0.5550234  0.486038  
0.8017938  0.9778681  0.6855747  0.5367292  0.429421  
0.5032416  0.2381921  0.1075253  0.4980806  0.7632427  
0.3362841  0.06982672  0.08961061  0.2614778  0.002032387  
0.9336438  0.990623  0.4730174  0.7131583  0.5948979  
0.781066  0.2842169  0.1158281  0.7504638  0.6920574  
0.1672316  0.7372953  0.7726829  0.3682924  0.6424585  
0.5334264  0.02146908  0.6716082  0.01091494  0.188968  
0.8627364  0.8380907  0.3159389  0.9040609  0.5278102  
0.03811554  0.05107886  0.8617846  0.5799019  0.7299962  
0.02133336  0.02879503  0.2554711  0.2874108  0.5009098  
0.537025  0.5878493  0.5491856  0.2847924  0.821251  
0.6215041  0.8130246  0.6904723  0.6092496  0.5658851  
0.5964047  0.4306786  0.6418384  0.2439949  0.7731029  
0.2692777  0.1319258  0.6548328  0.4415108  0.4848625  
0.1584935  0.4276195  0.8847858  0.9566415  0.9101922  
0.2217174  0.07346675  0.08423348  0.1656324  0.3717611  
0.5722055  0.8018627  0.5439683  0.2245026  0.3443049  
0.5442828  0.8588386  0.97467  0.9951845  0.9989385  
0.8870824  0.4303004  0.8885233  0.4674665  0.8814236  
0.2589713  0.08674455  0.005742233  0.5409547  0.3986555  
0.3051532  0.9780813  0.7751589  0.6908271  0.5791371  
0.2950142  0.4793581  0.2941071  0.801741  0.7229705  
0.7309843  0.362793  0.5929257  0.161334  0.6405356  
0.7558144  0.8559741  0.7384227  0.498284  0.9928298  
0.93628  0.2720133  0.02487577  0.2038183  0.6498678  
0.5550283  0.3945191  0.05774202  0.3299126  0.8067216  
0.0169128  0.05827712  0.2143332  0.04364467  0.6966862  
0.03374459  0.1683616  0.3383388  0.6536572  0.3730566  
0.4513558  0.226248  0.2576835  0.9409344  0.387227  
0.6958835  0.520224  0.1825554  0.840004  0.3438171  
0.7861214  0.3328389  0.3559443  0.1414086  0.2254122  
0.7064807  0.9451636  0.6418045  0.5305834  0.5422476  
0.4486458  0.1723732  0.4948466  0.9817651  0.09270976  
0.4919181  0.853154  0.1330511  0.1076995  0.5994481  
0.6075675  0.1549697  0.04912537  0.6922432  0.5893316  
0.448809  0.8750788  0.7770293  0.8056681  0.7854592  
0.2285757  0.3255722  0.1123972  0.1026908  0.2251189  
0.5766922  0.07649158  0.988383  0.2244559  0.00810527  
0.01652072  0.00483283  0.6014142  0.1307525  0.02212747  
0.8912253  0.9334177  0.8115467  0.6569083  0.9558465  
0.1574319  0.4810007  0.5020057  0.5701747  0.9960699  
0.9079924  0.8699679  0.9657357  0.5107782  0.8137342  
0.964328  0.2827086  0.5643921  0.3009305  0.6579167  
0.1565635  0.2429968  0.324317  0.953998  0.3214589  
0.4211236  0.1311138  0.02110915  0.05871854  0.4045024  
0.2693642  0.980399  0.2278394  0.3500073  0.8478913  
0.7484228  0.8730786  0.7344482  0.7940138  0.6459639  
0.1688868  0.6059319  0.8573667  0.5627522  0.6534695  
0.8547293  0.3130917  0.1434688  0.1012719  0.4552348  
0.2720346  0.5376664  0.7260676  0.04708808  0.8493733  
0.5714617  0.1925933  0.0281944  0.499451  0.08118737  
0.4105024  0.6831002  0.8132554  0.2222509  0.702024  
0.4876166  0.7111085  0.7732327  0.8397633  0.9967905  
0.001780771  0.6763044  0.6747804  0.155099  0.554002  
0.9035518  0.945047  0.7350332  0.3964151  0.5424714  
0.3664967  0.124995  0.6306041  0.3973315  0.3259564  
0.1063197  0.7137532  0.7507463  0.1896765  0.2508874  
0.14851  0.7384429  0.1066072  0.3891934  0.7913213  
0.4673709  0.4026408  0.2751258  0.07065849  0.002350921  
0.1031102  0.7804942  0.8092947  0.8128444  0.2581895  
0.9497024  0.8502904  0.5200873  0.8584588  0.57088  