0.05736413  0.7003639  0.4202649  0.3087376  0.4351562  
0.7921004  0.9748931  0.6020333  0.9128578  0.8537298  
0.3578982  0.6306785  0.8323257  0.4288078  0.5919561  
0.1347619  0.3570473  0.5224212  0.3810174  0.5229841  
0.3858921  0.2879849  0.748155  0.1798733  0.6950372  
0.05502069  0.2394776  0.4176985  0.1963135  0.4334948  
0.6722251  0.5312438  0.1821458  0.5177939  0.7221511  
0.2559087  0.1155856  0.5724851  0.4173179  0.368807  
0.05435837  0.4245858  0.2201835  0.1557143  0.1157899  
0.8660754  0.6335798  0.8652685  0.7670968  0.4033107  
0.9504729  0.897565  0.909531  0.6885461  0.8163878  
0.7956381  0.5448319  0.4596427  0.4176542  0.2018632  
0.4534687  0.2816825  0.7888776  0.5943367  0.7548829  
0.7308857  0.8245276  0.4588719  0.4834324  0.8373717  
0.7476045  0.3501465  0.8950219  0.5876585  0.5588534  
0.7165067  0.6716601  0.4271086  0.8307763  0.8566332  
0.5226341  0.2857754  0.03835471  0.267889  0.3831206  
0.2155215  0.04149261  0.07143201  0.2365252  0.3589234  
0.2712314  0.22546  0.3031936  0.1809266  0.05790546  
0.6848244  0.5694794  0.5323098  0.8926623  0.4643236  
0.1411833  0.07401201  0.1474855  0.2955445  0.09030532  
0.6682174  0.8336831  0.4809115  0.4321776  0.5172292  
0.03636144  0.08536922  0.03250571  0.03556443  0.179968  
0.2946517  0.2816933  0.09413606  0.590185  0.3973084  
0.724303  0.7312255  0.8040145  0.6104436  0.360257  
0.9015511  0.7323177  0.7341289  0.8094306  0.5976127  
0.7770003  0.7700505  0.9283018  0.8763897  0.8432865  
0.8399896  0.9509193  0.758395  0.773225  0.7212735  
0.8759311  0.8905051  0.8841734  0.9159907  0.9724023  
0.0833315  0.1266571  0.2206391  0.2297806  0.1467464  
0.01382775  0.3500692  0.4978489  0.2823471  0.3120427  
0.644888  0.4484861  0.3512629  0.7617589  0.66548  
0.3349068  0.5954388  0.2008442  0.4769881  0.464513  
0.3128185  0.8248408  0.8031077  0.3635834  0.7600418  
0.08557238  0.01001783  0.002674457  0.01143636  0.02385252  
0.8196228  0.8002164  0.7440049  0.7948687  0.6032275  
0.5821613  0.4622294  0.2874843  0.6808838  0.5867816  
0.7181245  0.4869908  0.399607  0.2286679  0.2588284  
0.228105  0.0943844  0.5064521  0.325452  0.4118343  
0.7045494  0.4345417  0.5555482  0.7453946  0.3396499  
0.9680681  0.9962902  0.9920635  0.9038987  0.9372793  
0.7155279  0.8738838  0.8612187  0.9344084  0.8937017  
0.2569673  0.4826316  0.342968  0.4361609  0.3759951  
0.3070485  0.7441455  0.6358149  0.252798  0.5851318  
0.7838436  0.7175104  0.867401  0.7794888  0.8134802  
0.4473004  0.6781166  0.7045791  0.5903445  0.2787016  
0.7520806  0.744495  0.9211645  0.6810817  0.6411481  
0.363553  0.2720175  0.4747635  0.2820524  0.7021151  
0.8905963  0.9649543  0.9127948  0.8189886  0.8303695  
0.2952432  0.3328148  0.3317039  0.5612933  0.3602315  
0.4591944  0.21005  0.5515363  0.4128174  0.463019  
0.5749773  0.4788248  0.4198994  0.5799681  0.3362576  
0.5439433  0.8379163  0.553101  0.2061407  0.3105998  
0.1106181  0.4540786  0.4817826  0.3985818  0.6948907  
0.8651018  0.499003  0.7462026  0.7914112  0.609813  
0.5853712  0.5916602  0.5189775  0.544376  0.4671152  
0.1997164  0.4132613  0.07554534  0.5584705  0.2843752  
0.6757204  0.1365742  0.04191166  0.2190306  0.04488318  
0.4493865  0.7715499  0.6687303  0.1780667  0.2228561  
0.534166  0.4042493  0.6475733  0.3060101  0.7889575  
0.6885685  0.7832893  0.8262685  0.8262338  0.8041185  
0.9505393  0.9164948  0.8110858  0.7300963  0.9636142  
0.7116921  0.9438177  0.6316666  0.6287002  0.7562313  
0.3521799  0.05823306  0.1798024  0.1568466  0.05034499  
0.198285  0.1915164  0.3515859  0.08990425  0.5188494  
0.7659062  0.4428141  0.3898365  0.6726319  0.5855832  
0.586026  0.7015086  0.602209  0.5864018  0.7403738  
0.6246312  0.9568713  0.2660529  0.5807553  0.5910051  
0.2420738  0.04418153  0.2252007  0.4129886  0.1573225  
0.6078375  0.5884496  0.6899647  0.5941118  0.4926199  
0.0775673  0.08213981  0.08040563  0.47415  0.1068906  
0.07980168  0.447764  0.458738  0.1361738  0.4583849  
0.2033634  0.05973351  0.2463914  0.04162063  0.1818105  
0.7011024  0.823034  0.7651288  0.7102116  0.866151  
0.2348952  0.7261933  0.5520284  0.463471  0.5181763  
0.9203394  0.8420636  0.833537  0.4106279  0.7644418  
0.3938357  0.2107529  0.2010089  0.2703354  0.4606259  
0.6605058  0.545645  0.2011308  0.3465705  0.5703485  
0.3977669  0.5970796  0.4930044  0.8284292  0.6268986  
0.1477752  0.03897041  0.059014  0.2305037  0.09799054  
0.1127615  0.569379  0.4168022  0.695993  0.3925502  
0.3568751  0.2880175  0.2252122  0.3447499  0.01067667  
0.4545453  0.01656156  0.207516  0.4277911  0.4222703  
0.9403345  0.7043514  0.6499708  0.7707976  0.5770381  
0.3816848  0.8363774  0.8498558  0.954273  0.2439583  
0.5930628  0.3174835  0.3134734  0.7146269  0.481485  
0.5023734  0.6266463  0.9839968  0.8670936  0.9168862  
0.2714869  0.2935376  0.5028625  0.1239091  0.406711  
0.9493064  0.6751699  0.6417747  0.9366438  0.9504072  
0.0117168  0.05038794  0.07528699  0.06872924  0.375594  
0.5809863  0.7108104  0.5716318  0.5320968  0.8810761  
0.01413537  0.2238876  0.07490831  0.04889029  0.0915687  
0.2681904  0.6548291  0.5823484  0.8690233  0.7593193  
0.8745142  0.8612567  0.6999009  0.7889394  0.7625194  
0.3348486  0.3736446  0.6950828  0.4438906  0.6056388  
0.3843156  0.5731218  0.6003693  0.1895336  0.7305042  
0.9749675  0.8898173  0.9403496  0.9391314  0.8638482  
0.1257709  0.1594045  0.2593115  0.2179259  0.1433772  
0.8721913  0.9025953  0.7580292  0.9382797  0.5984189  
0.3357806  0.4863636  0.2437154  0.2088103  0.6870127  
0.6747016  0.2776892  0.4162644  0.1335587  0.2364687  
0.2059483  0.6376891  0.5551438  0.6917109  0.2182441  
0.2979868  0.5587629  0.508722  0.7045012  0.6351235  
0.1998981  0.8326995  0.6874137  0.3602405  0.1307481  
0.9292676  0.5389951  0.8013829  0.9191105  0.8119841  
0.7848597  0.6526178  0.8990669  0.6913107  0.7173202  
0.9554067  0.6416437  0.8987013  0.8580743  0.687548  
0.1392025  0.07191424  0.07105723  0.01539611  0.2192993  
0.07942417  0.1186137  0.06753709  0.08828812  0.1251879  
0.2925676  0.7349297  0.5076114  0.3178682  0.2170518  
0.9322373  0.8557813  0.6473199  0.9689811  0.7333192  
0.7515565  0.3739047  0.3208944  0.6632305  0.3830078  
0.1869634  0.1059422  0.05597445  0.08539484  0.06053401  
0.7518969  0.8324022  0.6247603  0.6817457  0.3657765  
0.2095792  0.2563597  0.2619384  0.2397306  0.2414962  
0.6110509  0.906248  0.7494379  0.732503  0.9176796  
0.17183  0.1584581  0.3127464  0.3881463  0.3778048  
0.8995867  0.5364809  0.8705426  0.7748186  0.8285379  
0.6744998  0.9002737  0.8360531  0.9380828  0.8776348  
0.9099797  0.6774512  0.4351104  0.905759  0.8951982  
0.6909633  0.837048  0.7999644  0.8391957  0.6952939  
0.6700759  0.8149421  0.9252698  0.9040767  0.4686845  
0.1322328  0.2391207  0.4118394  0.08953386  0.5525054  
0.2790531  0.7524175  0.4191278  0.5560521  0.36898  
0.554948  0.5267261  0.6237101  0.5754171  0.7620571  
0.8226954  0.5495858  0.9662754  0.7257323  0.9029534  
0.6453846  0.7297987  0.7654252  0.7765052  0.9771291  
0.8727845  0.7932418  0.653182  0.6653476  0.7249694  
0.7063916  0.8654923  0.9079349  0.8552134  0.8127672  
0.3464247  0.8209425  0.5317595  0.5824692  0.876731  
0.5220722  0.1068588  0.3750578  0.6794094  0.1506166  
0.8164422  0.794468  0.9080022  0.7719689  0.9181833  
0.07039501  0.08688088  0.04245068  0.04117349  0.4318454  
0.8072912  0.9061638  0.9157837  0.847181  0.8808712  
0.5366424  0.366336  0.4707684  0.9087127  0.2791046  
0.004713988  0.01547109  0.004616387  0.2157779  0.01141807  
0.2576474  0.3206887  0.289446  0.2418833  0.06122801  
0.5742034  0.5764302  0.6015688  0.7042458  0.4740728  
0.6135075  0.6529502  0.8154687  0.9061136  0.8185031  
0.2445846  0.6118429  0.1637256  0.2394195  0.3203334  
0.2060372  0.4664961  0.727817  0.3242671  0.7907418  
0.3323244  0.8575594  0.3730589  0.4736957  0.9195595  
0.3835181  0.3241315  0.5346928  0.1908153  0.5566458  
0.6885394  0.3815064  0.520383  0.6474476  0.936942  